```markdown
交费期间

年龄
（周岁）

1

2

3

4

5

6

7

8

趸交

0

374.27

390.92

408.36

426.62

445.72

465.70

486.59

508.42

1

391.03

408.47

426.73

445.83

465.81

486.69

508.53

531.35

2

408.59

426.84

445.94

465.92

486.81

508.64

531.47

555.32

3

426.96

446.06

466.04

486.93

508.76

531.58

555.44

580.38

4

446.18

466.16

487.05

508.88

531.70

555.56

580.50

606.57

5

466.28

487.17

509.01

531.83

555.69

580.62

606.69

633.94

6

487.27

509.10

531.93

555.78

580.72

606.79

634.04

662.53

7

509.21

532.03

555.89

580.82

606.89

634.14

662.63

692.40
```