```markdown
8840.26
8835.58
8831.47
8827.07
8822.67
8818.29
8814.12
8812.66
8811.01
8809.19
8807.17
8803.27
8801.05
8802.59
8801.83
8800.05
8801.62
8801.71
8801.68
8801.62
8801.66
8801.00
8801.88
8801.00
8801.88
8801.29
8807.64
8801.96
8806.28
8802.61
8805.97
8805.45
8804.82
8805.29
8805.49
8807.85
8807.78
8807.52
8806.25
8950.47
8945.52
8940.52
8935.55
8930.99
8929.00
8926.69
8929.14
8922.80
8925.78
8923.52
8965.42
8950.47
8945.52
8940.52
8935.55
8930.99
8926.69
8929.14
8922.80
8925.78
8923.52
8965.42
8950.47
8945.52
8940.52
8935.55
8930.99
8926.69
8929.14
8922.80
8925.78
8923.52
8965.42
8950.47
8945.52
8940.52
8935.55
8930.99
8926.69
8929.14
8922.80
8925.78
8923.52
8965.42
8950.47
8945.52
8940.52
8935.55
8930.99
8926.69
8929.14
8922.80
8925.78
8923.52
8965.42
8950.47
8945.52
8940.52
8935.55
8930.99
8926.69
8929.14
8922.80
8925.78
8923.52
8965.42
8950.47
8945.52
8940.52
8935.55
8930.99
8926.69
8929.14
8922.80
8925.78
8923.52
8965.42
8950.47
8945.52
8940.52
8935.55
8930.99
8926.69
8929.14
8922.80
8925.78
8923.52
8965.42
8950.47
8945.52
8940.52
8935.55
8930.99
8926.69
8929.14
8922.80
8925.78
8923.52
8965.42
8950.47
8945.52
8940.52
8935.55
8930.99
8926.69
8929.14
8922.80
8925.78
8923.52
8965.42
8950.47
8945.52
8940.52
8935.55
8930.99
8926.69
8929.14
8922.80
8925.78
8923.52
8965.42
8950.47
8945.52
8940.52
8935.55
8930.99
8926.69
8929.14
8922.80
8925.78
8923.52
8965.42
8950.47
8945.52
8940.52
8935.55
8930.99
8926.69
8929.14
8922.80
8925.78
8923.52
8965.42
8950.47
8945.52
8940.52
8935.55
8930.99
8926.69
8929.14
8922.80
8925.78
8923.52
8965.42
8950.47
8945.52
8940.52
8935.55
8930.99
8926.69
8929.14
8922.80
8925.78
8923.52
8965.42
8950.47
8945.52
8940.52
8935.55
8930.99
8926.69
8929.14
8922.80
8925.78
8923.52
8965.42
8950.47
8945.52
8940.52
8935.55
8930.99
8926.69
8929.14
8922.80
8925.78
8923.52
8965.42
8950.47
8945.52
8940.52
8935.55
8930.99
8926.69
8929.14
8922.80
8925.78
8923.52
8965.42
8950.47
8945.52
8940.52
8935.55
8930.99
8926.69
8929.14
8922.80
8925.78
8923.52
8965.42
8950.47
8945.52
8940.52
8935.55
8930.99
8926.69
8929.14
8922.80
8925.78
8923.52
8965.42
8950.47
8945.52
8940.52
8935.55
8930.99
8926.69
8929.14
8922.80
8925.78
8923.52
8965.42
8950.47
8945.52
8940.52
8935.55
8930.99
8926.69
8929.14
8922.80
8925.78
8923.52
8965.42
8950.47
8945.52
8940.52
8935.55
8930.99
8926.69
8929.14
8922.80
8925.78
8923.52
8965.42
8950.47
8945.52
8940.52
8935.55
8930.99
8926.69
8929.14
8922.80
8925.78
8923.52
8965.42
8950.47
8945.52
8940.52
8935.55
8930.99
8926.69
8929.14
8922.80
8925.78
8923.52
8965.42
8950.47
8945.52
8940.52
8935.55
8930.99
8926.69
8929.14
8922.80
8925.78
8923.52
8965.42
8950.47
8945.52
8940.52
8935.55
8930.99
8926.69
8929.14
8922.80
8925.78
8923.52
8965.42
8950.47
8945.52
8940.52
8935.55
8930.99
8926.69
8929.14
8922.80
8925.78
8923.52
8965.42
8950.47
8945.52
8940.52
8935.55
8930.99
8926.69
8929.14
8922.80
8925.78
8923.52
8965.42
8950.47
8945.52
8940.52
8935.55
8930.99
8926.69
8929.14
8922.80
8925.78
8923.52
8965.42
8950.47
8945.52
8940.52
8935.55
8930.99
8926.69
8929.14
8922.80
8925.78
8923.52
8965.42
8950.47
8945.52
8940.52
8935.55
8930.99
8926.69
8929.14
8922.80
8925.78
8923.52
8965.42
8950.47
8945.52
8940.52
8935.55
8930.99
8926.69
8929.14
8922.80
8925.78
8923.52
8965.42
8950.47
8945.52
8940.52
8935.55
8930.99
8926.69
8929.14
8922.80
8925.78
8923.52
8965.42
8950.47
8945.52
8940.52
8935.55
8930.99
8926.69
8929.14
8922.80
8925.78
8923.52
8965.42
8950.47
8945.52
8940.52
8935.55
8930.99
8926.69
8929.14
8922.80
8925.78
8923.52
8965.42
8950.47
8945.52
8940.52
8935.55
8930.99
8926.69
8929.14
8922.80
8925.78
8923.52
8965.42
8950.47
8945.52
8940.52
8935.55
8930.99
8926.69
8929.14
8922.80
8925.78
8923.52
8965.42
8950.47
8945.52
8940.52
8935.55
8930.99
8926.69
8929.14
8922.80
8925.78
8923.52
8965.42
8950.47
8945.52
8940.52
8935.55
8930.99
8926.69
8929.14
8922.80
8925.78
8923.52
8965.42
8950.47
8945.52
8940.52
8935.55
8930.99
8926.69
8929.14
8922.80
8925.78
8923.52
8965.42
8950.47
8945.52
8940.52
8935.55
8930.99
8926.69
8929.14
8922.80
8925.78
8923.52
8965.42
8950.47
8945.52
8940.52
8935.55
8930.99
8926.69
8929.14
8922.80
8925.78
8923.52
8965.42
8950.47
8945.52
8940.52
8935.55
8930.99
8926.69
8929.14
8922.80
8925.78
8923.52
8965.42
8950.47
8945.52
8940.52
8935.55
8930.99
8926.69
8929.14
8922.80
8925.78
8923.52
8965.42
8950.47
8945.52
8940.52
8935.55
8930.99
8926.69
8929.14
8922.80
8925.78
8923.52
8965.42
8950.47
8945.52
8940.52
8935.55
8930.99
8926.69
8929.14
8922.80
8925.78
8923.52
8965.42
8950.47
8945.52
8940.52
8935.55
8930.99
8926.69
8929.14
8922.80
8925.78
8923.52
8965.42
8950.47
8945.52
8940.52
8935.55
8930.99
8926.69
8929.14
8922.80
8925.78
8923.52
8965.42
8950.47
8945.52
8940.52
8935.55
8930.99
8926.69
8929.14
8922.80
8925.78
8923.52
8965.42
8950.47
8945.52
8940.52
8935.55
8930.99
8926.69
8929.14
8922.80
8925.78
8923.52
8965.42
8950.47
8945.52
8940.52
8935.55
8930.99
8926.69
8929.14
8922.80
8925.78
8923.52
8965.42
8950.47
8945.52
8940.52
8935.55
8930.99
8926.69
8929.14
8922.80
8925.78
8923.52
8965.42
8950.47
8945.52
8940.52
8935.55
8930.99
8926.69
8929.14
8922.80
8925.78
8923.52
8965.42
8950.47
8945.52
8940.52
8935.55
8930.99
8926.69
8929.14
8922.80
8925.78
8923.52
8965.42
8950.47
8945.52
8940.52
8935.55
8930.99
8926.69
8929.14
8922.80
8925.78
8923.52
8965.42
8950.47
8945.52
8940.52
8935.55
8930.99
8926.69
8929.14
8922.80
8925.78
8923.52
8965.42
8950.47
8945.52
8940.52
8935.55
8930.99
8926.69
8929.14
8922.80
8925.78
8923.52
8965.42
8950.47
8945.52
8940.52
8935.55
8930.99
8926.69
8929.14
8922.80
8925.78
8923.52
8965.42
8950.47
8945.52
8940.52
8935.55
8930.99
8926.69
8929.14
8922.80
8925.78
8923.52
8965.42
8950.47
8945.52
8940.52
8935.55
8930.99
8926.69
8929.14
8922.80
8925.78
8923.52
8965.42
8950.47
8945.52
8940.52
8935.55
8930.99
8926.69
8929.14
8922.80
8925.78
8923.52
8965.42
8950.47
8945.52
8940.52
8935.55
8930.99
8926.69
8929.14
8922.80
8925.78
8923.52
8965.42
8950.47
8945.52
8940.52
8935.55
8930.99
8926.69
8929.14
8922.80
8925.78
8923.52
8965.42
8950.47
8945.52
8940.52
8935.55
8930.99
8926.69
8929.14
8922.80
8925.78
8923.52
8965.42
8950.47
8945.52
8940.52
8935.55
8930.99
8926.69
8929.14
8922.80
8925.78
8923.52
8965.42
8950.47
8945.52
8940.52
8935.55
8930.99
8926.69
8929.14
8922.80
8925.78
8923.52
8965.42
8950.47
8945.52
8940.52
8935.55
8930.99
8926.69
8929.14
8922.80
8925.78
8923.52
8965.42
8950.47
8945.52
8940.52
8935.55
8930.99
8926.69
8929.14
8922.80
8925.78
8923.52
8965.42
8950.47
8945.52
8940.52
8935.55
8930.99
8926.69
8929.14
8922.80
8925.78
8923.52
8965.42
8950.47
8945.52
8940.52
8935.55
8930.99
8926.69
8929.14
8922.80
8925.78
8923.52
8965.42
8950.47
8945.52
8940.52
8935.55
8930.99
8926.69
8929.14
8922.80
8925.78
8923.52
8965.42
8950.47
8945.52
8940.52
8935.55
8930.99
8926.69
8929.14
8922.80
8925.78
8923.52
8965.42
8950.47
8945.52
8940.52
8935.55
8930.99
8926.69
8929.14
8922.80
8925.78
8923.52
8965.42
8950.47
8945.52
8940.52
8935.55
8930.99
8926.69
8929.14
8922.80
8925.78
8923.52
8965.42
8950.47
8945.52
8940.52
8935.55
8930.99
8926.69
8929.14
8922.80
8925.78
8923.52
8965.42
8950.47
8945.52
8940.52
8935.55
8930.99
8926.69
8929.14
8922.80
8925.78
8923.52
8965.42
8950.47
8945.52
8940.52
8935.55
8930.99
8926.69
8929.14
8922.80
8925.78
8923.52
8965.42
8950.47
8945.52
8940.52
8935.55
8930.99
8926.69
8929.14
8922.80
8925.78
8923.52
8965.42
8950.47
8945.52
8940.52
8935.55
8930.99
8926.69
8929.14
8922.80
8925.78
8923.52
8965.42
8950.47
8945.52
8940.52
8935.55
8930.99
8926.69
8929.14
8922.80
8925.78
8923.52
8965.42
8950.47
8945.52
8940.52
8935.55
8930.99
8926.69
8929.14
8922.80
8925.78
8923.52
8965.42
8950.47
8945.52
8940.52
8935.55
8930.99
8926.69
8929.14
8922.80
8925.78
8923.52
8965.42
8950.47
8945.52
8940.52
8935.55
8930.99
8926.69
8929.14
8922.80
8925.78
8923.52
8965.42
8950.47
8945.52
8940.52
8935.55
8930.99
8926.69
8929.14
8922.80
8925.78
8923.52
8965.42
8950.47
8945.52
8940.52
8935.55
8930.99
8926.69
8929.14
8922.80
8925.78
8923.52
8965.42
8950.47
8945.52
8940.52
8935.55
8930.99
8926.69
8929.14
8922.80
8925.78
8923.52
8965.42
8950.47
8945.52
8940.52
8935.55
8930.99
8926.69
8929.14
8922.80
8925.78
8923.52
8965.42
8950.47
8945.52
8940.52
8935.55
8930.99
8926.69
8929.14
8922.80
8925.78
8923.52
8965.42
8950.47
8945.52
8940.52
8935.55
8930.